(kicad_pcb (version 20171130) (host pcbnew 5.0.1-33cea8e~68~ubuntu14.04.1)

  (general
    (thickness 1.6)
    (drawings 29)
    (tracks 642)
    (zones 0)
    (modules 27)
    (nets 46)
  )

  (page A4)
  (layers
    (0 F.Cu signal)
    (31 B.Cu signal)
    (32 B.Adhes user)
    (33 F.Adhes user)
    (34 B.Paste user)
    (35 F.Paste user)
    (36 B.SilkS user)
    (37 F.SilkS user)
    (38 B.Mask user)
    (39 F.Mask user)
    (40 Dwgs.User user)
    (41 Cmts.User user)
    (42 Eco1.User user)
    (43 Eco2.User user)
    (44 Edge.Cuts user)
    (45 Margin user)
    (46 B.CrtYd user)
    (47 F.CrtYd user)
    (48 B.Fab user)
    (49 F.Fab user)
  )

  (setup
    (last_trace_width 0.16)
    (user_trace_width 0.16)
    (user_trace_width 1)
    (user_trace_width 1.5)
    (user_trace_width 2)
    (trace_clearance 0.2)
    (zone_clearance 0.16)
    (zone_45_only no)
    (trace_min 0.16)
    (segment_width 0.5)
    (edge_width 0.2)
    (via_size 0.8)
    (via_drill 0.4)
    (via_min_size 0.4)
    (via_min_drill 0.3)
    (uvia_size 0.3)
    (uvia_drill 0.1)
    (uvias_allowed no)
    (uvia_min_size 0.2)
    (uvia_min_drill 0.1)
    (pcb_text_width 0.3)
    (pcb_text_size 1.5 1.5)
    (mod_edge_width 0.15)
    (mod_text_size 1 1)
    (mod_text_width 0.15)
    (pad_size 1.524 1.524)
    (pad_drill 0.762)
    (pad_to_mask_clearance 0.2)
    (solder_mask_min_width 0.25)
    (aux_axis_origin 0 0)
    (visible_elements FFFFFF7F)
    (pcbplotparams
      (layerselection 0x010ec_ffffffff)
      (usegerberextensions true)
      (usegerberattributes false)
      (usegerberadvancedattributes false)
      (creategerberjobfile false)
      (excludeedgelayer true)
      (linewidth 0.100000)
      (plotframeref false)
      (viasonmask false)
      (mode 1)
      (useauxorigin false)
      (hpglpennumber 1)
      (hpglpenspeed 20)
      (hpglpendiameter 15.000000)
      (psnegative false)
      (psa4output false)
      (plotreference true)
      (plotvalue true)
      (plotinvisibletext false)
      (padsonsilk false)
      (subtractmaskfromsilk false)
      (outputformat 1)
      (mirror false)
      (drillshape 0)
      (scaleselection 1)
      (outputdirectory ""))
  )

  (net 0 "")
  (net 1 XTAL1)
  (net 2 XTAL2)
  (net 3 AREF)
  (net 4 RESET)
  (net 5 DTR)
  (net 6 "Net-(D1-Pad2)")
  (net 7 a0)
  (net 8 a1)
  (net 9 RX)
  (net 10 TX)
  (net 11 a2)
  (net 12 d9)
  (net 13 d10)
  (net 14 d11)
  (net 15 a3)
  (net 16 d12)
  (net 17 d3)
  (net 18 d13)
  (net 19 d5)
  (net 20 d6)
  (net 21 d7)
  (net 22 a4)
  (net 23 d8)
  (net 24 a5)
  (net 25 bus11)
  (net 26 bus13)
  (net 27 "Net-(D2-Pad2)")
  (net 28 "Net-(H1-Pad1)")
  (net 29 "Net-(H2-Pad1)")
  (net 30 "Net-(H3-Pad1)")
  (net 31 "Net-(H4-Pad1)")
  (net 32 "Net-(H5-Pad1)")
  (net 33 bus1)
  (net 34 bus2)
  (net 35 bus3)
  (net 36 bus4)
  (net 37 bus5)
  (net 38 bus6)
  (net 39 bus7)
  (net 40 bus8)
  (net 41 "Net-(U1-Pad19)")
  (net 42 "Net-(U1-Pad22)")
  (net 43 "Net-(R7-Pad2)")
  (net 44 d2)
  (net 45 d4)

  (net_class Default "This is the default net class."
    (clearance 0.2)
    (trace_width 0.25)
    (via_dia 0.8)
    (via_drill 0.4)
    (uvia_dia 0.3)
    (uvia_drill 0.1)
    (add_net AREF)
    (add_net DTR)
    (add_net "Net-(D1-Pad2)")
    (add_net "Net-(D2-Pad2)")
    (add_net "Net-(H1-Pad1)")
    (add_net "Net-(H2-Pad1)")
    (add_net "Net-(H3-Pad1)")
    (add_net "Net-(H4-Pad1)")
    (add_net "Net-(H5-Pad1)")
    (add_net "Net-(R7-Pad2)")
    (add_net "Net-(U1-Pad19)")
    (add_net "Net-(U1-Pad22)")
    (add_net RESET)
    (add_net RX)
    (add_net TX)
    (add_net XTAL1)
    (add_net XTAL2)
    (add_net a0)
    (add_net a1)
    (add_net a2)
    (add_net a3)
    (add_net a4)
    (add_net a5)
    (add_net bus1)
    (add_net bus11)
    (add_net bus13)
    (add_net bus2)
    (add_net bus3)
    (add_net bus4)
    (add_net bus5)
    (add_net bus6)
    (add_net bus7)
    (add_net bus8)
    (add_net d10)
    (add_net d11)
    (add_net d12)
    (add_net d13)
    (add_net d2)
    (add_net d3)
    (add_net d4)
    (add_net d5)
    (add_net d6)
    (add_net d7)
    (add_net d8)
    (add_net d9)
  )

  (module Capacitor_SMD:C_0603_1608Metric (layer F.Cu) (tedit 5B301BBE) (tstamp 5C29BE4F)
    (at 146.3275 119.448)
    (descr "Capacitor SMD 0603 (1608 Metric), square (rectangular) end terminal, IPC_7351 nominal, (Body size source: http://www.tortai-tech.com/upload/download/2011102023233369053.pdf), generated with kicad-footprint-generator")
    (tags capacitor)
    (path /5BC3BDF8)
    (attr smd)
    (fp_text reference C2 (at 2.5025 0.11) (layer F.SilkS)
      (effects (font (size 1 1) (thickness 0.15)))
    )
    (fp_text value 22pf (at 0 1.43) (layer F.Fab)
      (effects (font (size 1 1) (thickness 0.15)))
    )
    (fp_text user %R (at 0 0) (layer F.Fab)
      (effects (font (size 0.4 0.4) (thickness 0.06)))
    )
    (fp_line (start 1.48 0.73) (end -1.48 0.73) (layer F.CrtYd) (width 0.05))
    (fp_line (start 1.48 -0.73) (end 1.48 0.73) (layer F.CrtYd) (width 0.05))
    (fp_line (start -1.48 -0.73) (end 1.48 -0.73) (layer F.CrtYd) (width 0.05))
    (fp_line (start -1.48 0.73) (end -1.48 -0.73) (layer F.CrtYd) (width 0.05))
    (fp_line (start -0.162779 0.51) (end 0.162779 0.51) (layer F.SilkS) (width 0.12))
    (fp_line (start -0.162779 -0.51) (end 0.162779 -0.51) (layer F.SilkS) (width 0.12))
    (fp_line (start 0.8 0.4) (end -0.8 0.4) (layer F.Fab) (width 0.1))
    (fp_line (start 0.8 -0.4) (end 0.8 0.4) (layer F.Fab) (width 0.1))
    (fp_line (start -0.8 -0.4) (end 0.8 -0.4) (layer F.Fab) (width 0.1))
    (fp_line (start -0.8 0.4) (end -0.8 -0.4) (layer F.Fab) (width 0.1))
    (pad 2 smd roundrect (at 0.7875 0) (size 0.875 0.95) (layers F.Cu F.Paste F.Mask) (roundrect_rratio 0.25)
      (net 1 XTAL1))
    (pad 1 smd roundrect (at -0.7875 0) (size 0.875 0.95) (layers F.Cu F.Paste F.Mask) (roundrect_rratio 0.25)
      (net 26 bus13))
    (model ${KISYS3DMOD}/Capacitor_SMD.3dshapes/C_0603_1608Metric.wrl
      (at (xyz 0 0 0))
      (scale (xyz 1 1 1))
      (rotate (xyz 0 0 0))
    )
  )

  (module Capacitor_SMD:C_0603_1608Metric (layer F.Cu) (tedit 5B301BBE) (tstamp 5C29BE60)
    (at 146.4525 121.438)
    (descr "Capacitor SMD 0603 (1608 Metric), square (rectangular) end terminal, IPC_7351 nominal, (Body size source: http://www.tortai-tech.com/upload/download/2011102023233369053.pdf), generated with kicad-footprint-generator")
    (tags capacitor)
    (path /5BC3D8E5)
    (attr smd)
    (fp_text reference C3 (at 2.5275 0.14) (layer F.SilkS)
      (effects (font (size 1 1) (thickness 0.15)))
    )
    (fp_text value 22pf (at 0 1.43) (layer F.Fab)
      (effects (font (size 1 1) (thickness 0.15)))
    )
    (fp_line (start -0.8 0.4) (end -0.8 -0.4) (layer F.Fab) (width 0.1))
    (fp_line (start -0.8 -0.4) (end 0.8 -0.4) (layer F.Fab) (width 0.1))
    (fp_line (start 0.8 -0.4) (end 0.8 0.4) (layer F.Fab) (width 0.1))
    (fp_line (start 0.8 0.4) (end -0.8 0.4) (layer F.Fab) (width 0.1))
    (fp_line (start -0.162779 -0.51) (end 0.162779 -0.51) (layer F.SilkS) (width 0.12))
    (fp_line (start -0.162779 0.51) (end 0.162779 0.51) (layer F.SilkS) (width 0.12))
    (fp_line (start -1.48 0.73) (end -1.48 -0.73) (layer F.CrtYd) (width 0.05))
    (fp_line (start -1.48 -0.73) (end 1.48 -0.73) (layer F.CrtYd) (width 0.05))
    (fp_line (start 1.48 -0.73) (end 1.48 0.73) (layer F.CrtYd) (width 0.05))
    (fp_line (start 1.48 0.73) (end -1.48 0.73) (layer F.CrtYd) (width 0.05))
    (fp_text user %R (at 0 0) (layer F.Fab)
      (effects (font (size 0.4 0.4) (thickness 0.06)))
    )
    (pad 1 smd roundrect (at -0.7875 0) (size 0.875 0.95) (layers F.Cu F.Paste F.Mask) (roundrect_rratio 0.25)
      (net 26 bus13))
    (pad 2 smd roundrect (at 0.7875 0) (size 0.875 0.95) (layers F.Cu F.Paste F.Mask) (roundrect_rratio 0.25)
      (net 2 XTAL2))
    (model ${KISYS3DMOD}/Capacitor_SMD.3dshapes/C_0603_1608Metric.wrl
      (at (xyz 0 0 0))
      (scale (xyz 1 1 1))
      (rotate (xyz 0 0 0))
    )
  )

  (module Capacitor_SMD:C_0603_1608Metric (layer F.Cu) (tedit 5B301BBE) (tstamp 5C29BE71)
    (at 136.9315 106.934 180)
    (descr "Capacitor SMD 0603 (1608 Metric), square (rectangular) end terminal, IPC_7351 nominal, (Body size source: http://www.tortai-tech.com/upload/download/2011102023233369053.pdf), generated with kicad-footprint-generator")
    (tags capacitor)
    (path /5BC759A6)
    (attr smd)
    (fp_text reference C4 (at -0.2285 -1.524 180) (layer F.SilkS)
      (effects (font (size 1 1) (thickness 0.15)))
    )
    (fp_text value 0.1mf (at 0 1.43 180) (layer F.Fab)
      (effects (font (size 1 1) (thickness 0.15)))
    )
    (fp_line (start -0.8 0.4) (end -0.8 -0.4) (layer F.Fab) (width 0.1))
    (fp_line (start -0.8 -0.4) (end 0.8 -0.4) (layer F.Fab) (width 0.1))
    (fp_line (start 0.8 -0.4) (end 0.8 0.4) (layer F.Fab) (width 0.1))
    (fp_line (start 0.8 0.4) (end -0.8 0.4) (layer F.Fab) (width 0.1))
    (fp_line (start -0.162779 -0.51) (end 0.162779 -0.51) (layer F.SilkS) (width 0.12))
    (fp_line (start -0.162779 0.51) (end 0.162779 0.51) (layer F.SilkS) (width 0.12))
    (fp_line (start -1.48 0.73) (end -1.48 -0.73) (layer F.CrtYd) (width 0.05))
    (fp_line (start -1.48 -0.73) (end 1.48 -0.73) (layer F.CrtYd) (width 0.05))
    (fp_line (start 1.48 -0.73) (end 1.48 0.73) (layer F.CrtYd) (width 0.05))
    (fp_line (start 1.48 0.73) (end -1.48 0.73) (layer F.CrtYd) (width 0.05))
    (fp_text user %R (at 0 0 180) (layer F.Fab)
      (effects (font (size 0.4 0.4) (thickness 0.06)))
    )
    (pad 1 smd roundrect (at -0.7875 0 180) (size 0.875 0.95) (layers F.Cu F.Paste F.Mask) (roundrect_rratio 0.25)
      (net 3 AREF))
    (pad 2 smd roundrect (at 0.7875 0 180) (size 0.875 0.95) (layers F.Cu F.Paste F.Mask) (roundrect_rratio 0.25)
      (net 26 bus13))
    (model ${KISYS3DMOD}/Capacitor_SMD.3dshapes/C_0603_1608Metric.wrl
      (at (xyz 0 0 0))
      (scale (xyz 1 1 1))
      (rotate (xyz 0 0 0))
    )
  )

  (module Capacitor_SMD:C_0603_1608Metric (layer F.Cu) (tedit 5B301BBE) (tstamp 5C29BE82)
    (at 136.8805 103.124)
    (descr "Capacitor SMD 0603 (1608 Metric), square (rectangular) end terminal, IPC_7351 nominal, (Body size source: http://www.tortai-tech.com/upload/download/2011102023233369053.pdf), generated with kicad-footprint-generator")
    (tags capacitor)
    (path /5BC595CC)
    (attr smd)
    (fp_text reference C5 (at -0.05 1.778 180) (layer F.SilkS)
      (effects (font (size 1 1) (thickness 0.15)))
    )
    (fp_text value 0.1mf (at 0 1.43) (layer F.Fab)
      (effects (font (size 1 1) (thickness 0.15)))
    )
    (fp_text user %R (at 0 0) (layer F.Fab)
      (effects (font (size 0.4 0.4) (thickness 0.06)))
    )
    (fp_line (start 1.48 0.73) (end -1.48 0.73) (layer F.CrtYd) (width 0.05))
    (fp_line (start 1.48 -0.73) (end 1.48 0.73) (layer F.CrtYd) (width 0.05))
    (fp_line (start -1.48 -0.73) (end 1.48 -0.73) (layer F.CrtYd) (width 0.05))
    (fp_line (start -1.48 0.73) (end -1.48 -0.73) (layer F.CrtYd) (width 0.05))
    (fp_line (start -0.162779 0.51) (end 0.162779 0.51) (layer F.SilkS) (width 0.12))
    (fp_line (start -0.162779 -0.51) (end 0.162779 -0.51) (layer F.SilkS) (width 0.12))
    (fp_line (start 0.8 0.4) (end -0.8 0.4) (layer F.Fab) (width 0.1))
    (fp_line (start 0.8 -0.4) (end 0.8 0.4) (layer F.Fab) (width 0.1))
    (fp_line (start -0.8 -0.4) (end 0.8 -0.4) (layer F.Fab) (width 0.1))
    (fp_line (start -0.8 0.4) (end -0.8 -0.4) (layer F.Fab) (width 0.1))
    (pad 2 smd roundrect (at 0.7875 0) (size 0.875 0.95) (layers F.Cu F.Paste F.Mask) (roundrect_rratio 0.25)
      (net 5 DTR))
    (pad 1 smd roundrect (at -0.7875 0) (size 0.875 0.95) (layers F.Cu F.Paste F.Mask) (roundrect_rratio 0.25)
      (net 4 RESET))
    (model ${KISYS3DMOD}/Capacitor_SMD.3dshapes/C_0603_1608Metric.wrl
      (at (xyz 0 0 0))
      (scale (xyz 1 1 1))
      (rotate (xyz 0 0 0))
    )
  )

  (module LED_THT:LED_D5.0mm (layer B.Cu) (tedit 5995936A) (tstamp 5C29BE94)
    (at 150.114 103.203)
    (descr "LED, diameter 5.0mm, 2 pins, http://cdn-reichelt.de/documents/datenblatt/A500/LL-504BC2E-009.pdf")
    (tags "LED diameter 5.0mm 2 pins")
    (path /5BC3C2D9)
    (fp_text reference D1 (at 1.27 3.96) (layer B.SilkS)
      (effects (font (size 1 1) (thickness 0.15)) (justify mirror))
    )
    (fp_text value activeLED (at 1.27 -3.96) (layer B.Fab)
      (effects (font (size 1 1) (thickness 0.15)) (justify mirror))
    )
    (fp_arc (start 1.27 0) (end -1.23 1.469694) (angle -299.1) (layer B.Fab) (width 0.1))
    (fp_arc (start 1.27 0) (end -1.29 1.54483) (angle -148.9) (layer B.SilkS) (width 0.12))
    (fp_arc (start 1.27 0) (end -1.29 -1.54483) (angle 148.9) (layer B.SilkS) (width 0.12))
    (fp_circle (center 1.27 0) (end 3.77 0) (layer B.Fab) (width 0.1))
    (fp_circle (center 1.27 0) (end 3.77 0) (layer B.SilkS) (width 0.12))
    (fp_line (start -1.23 1.469694) (end -1.23 -1.469694) (layer B.Fab) (width 0.1))
    (fp_line (start -1.29 1.545) (end -1.29 -1.545) (layer B.SilkS) (width 0.12))
    (fp_line (start -1.95 3.25) (end -1.95 -3.25) (layer B.CrtYd) (width 0.05))
    (fp_line (start -1.95 -3.25) (end 4.5 -3.25) (layer B.CrtYd) (width 0.05))
    (fp_line (start 4.5 -3.25) (end 4.5 3.25) (layer B.CrtYd) (width 0.05))
    (fp_line (start 4.5 3.25) (end -1.95 3.25) (layer B.CrtYd) (width 0.05))
    (fp_text user %R (at 1.25 0) (layer B.Fab)
      (effects (font (size 0.8 0.8) (thickness 0.2)) (justify mirror))
    )
    (pad 1 thru_hole rect (at 0 0) (size 1.8 1.8) (drill 0.9) (layers *.Cu *.Mask)
      (net 26 bus13))
    (pad 2 thru_hole circle (at 2.54 0) (size 1.8 1.8) (drill 0.9) (layers *.Cu *.Mask)
      (net 6 "Net-(D1-Pad2)"))
    (model ${KISYS3DMOD}/LED_THT.3dshapes/LED_D5.0mm.wrl
      (at (xyz 0 0 0))
      (scale (xyz 1 1 1))
      (rotate (xyz 0 0 0))
    )
  )

  (module MountingHole:MountingHole_3.2mm_M3_Pad (layer F.Cu) (tedit 56D1B4CB) (tstamp 5C29BEAF)
    (at 154.686 166.624)
    (descr "Mounting Hole 3.2mm, M3")
    (tags "mounting hole 3.2mm m3")
    (path /5BCCED6A)
    (attr virtual)
    (fp_text reference H1 (at 0.254 -0.762) (layer F.SilkS)
      (effects (font (size 1 1) (thickness 0.15)))
    )
    (fp_text value MountingHole_Pad (at 0 4.2) (layer F.Fab)
      (effects (font (size 1 1) (thickness 0.15)))
    )
    (fp_circle (center 0 0) (end 3.45 0) (layer F.CrtYd) (width 0.05))
    (fp_circle (center 0 0) (end 3.2 0) (layer Cmts.User) (width 0.15))
    (fp_text user %R (at 0.3 0) (layer F.Fab)
      (effects (font (size 1 1) (thickness 0.15)))
    )
    (pad 1 thru_hole circle (at 0 0) (size 6.4 6.4) (drill 3.2) (layers *.Cu *.Mask)
      (net 28 "Net-(H1-Pad1)"))
  )

  (module MountingHole:MountingHole_3.2mm_M3_Pad (layer F.Cu) (tedit 56D1B4CB) (tstamp 5C29BEB7)
    (at 128.016 166.624)
    (descr "Mounting Hole 3.2mm, M3")
    (tags "mounting hole 3.2mm m3")
    (path /5BCCEDCE)
    (attr virtual)
    (fp_text reference H2 (at 0 0.254) (layer F.SilkS)
      (effects (font (size 1 1) (thickness 0.15)))
    )
    (fp_text value MountingHole_Pad (at 0 4.2) (layer F.Fab)
      (effects (font (size 1 1) (thickness 0.15)))
    )
    (fp_text user %R (at 0.3 0) (layer F.Fab)
      (effects (font (size 1 1) (thickness 0.15)))
    )
    (fp_circle (center 0 0) (end 3.2 0) (layer Cmts.User) (width 0.15))
    (fp_circle (center 0 0) (end 3.45 0) (layer F.CrtYd) (width 0.05))
    (pad 1 thru_hole circle (at 0 0) (size 6.4 6.4) (drill 3.2) (layers *.Cu *.Mask)
      (net 29 "Net-(H2-Pad1)"))
  )

  (module MountingHole:MountingHole_3.2mm_M3_Pad (layer F.Cu) (tedit 56D1B4CB) (tstamp 5C29BEBF)
    (at 154.686 96.774)
    (descr "Mounting Hole 3.2mm, M3")
    (tags "mounting hole 3.2mm m3")
    (path /5BCDCAFD)
    (attr virtual)
    (fp_text reference H3 (at 0 1.016) (layer F.SilkS)
      (effects (font (size 1 1) (thickness 0.15)))
    )
    (fp_text value MountingHole_Pad (at 0 4.2) (layer F.Fab)
      (effects (font (size 1 1) (thickness 0.15)))
    )
    (fp_text user %R (at 0.3 0) (layer F.Fab)
      (effects (font (size 1 1) (thickness 0.15)))
    )
    (fp_circle (center 0 0) (end 3.2 0) (layer Cmts.User) (width 0.15))
    (fp_circle (center 0 0) (end 3.45 0) (layer F.CrtYd) (width 0.05))
    (pad 1 thru_hole circle (at 0 0) (size 6.4 6.4) (drill 3.2) (layers *.Cu *.Mask)
      (net 30 "Net-(H3-Pad1)"))
  )

  (module MountingHole:MountingHole_3.2mm_M3_Pad (layer F.Cu) (tedit 56D1B4CB) (tstamp 5C29BEC7)
    (at 128.016 96.774)
    (descr "Mounting Hole 3.2mm, M3")
    (tags "mounting hole 3.2mm m3")
    (path /5BDC1204)
    (attr virtual)
    (fp_text reference H4 (at 0 0) (layer F.SilkS)
      (effects (font (size 1 1) (thickness 0.15)))
    )
    (fp_text value MountingHole_Pad (at 0 4.2) (layer F.Fab)
      (effects (font (size 1 1) (thickness 0.15)))
    )
    (fp_circle (center 0 0) (end 3.45 0) (layer F.CrtYd) (width 0.05))
    (fp_circle (center 0 0) (end 3.2 0) (layer Cmts.User) (width 0.15))
    (fp_text user %R (at 0.3 0) (layer F.Fab)
      (effects (font (size 1 1) (thickness 0.15)))
    )
    (pad 1 thru_hole circle (at 0 0) (size 6.4 6.4) (drill 3.2) (layers *.Cu *.Mask)
      (net 31 "Net-(H4-Pad1)"))
  )

  (module MountingHole:MountingHole_3.2mm_M3 (layer F.Cu) (tedit 56D1B4CB) (tstamp 5C29BECF)
    (at 151.5655 105.918)
    (descr "Mounting Hole 3.2mm, no annular, M3")
    (tags "mounting hole 3.2mm no annular m3")
    (path /5C35A894)
    (attr virtual)
    (fp_text reference H5 (at 0 -4.2) (layer F.SilkS)
      (effects (font (size 1 1) (thickness 0.15)))
    )
    (fp_text value led_spy_hole (at 0 4.2) (layer F.Fab)
      (effects (font (size 1 1) (thickness 0.15)))
    )
    (fp_text user %R (at 0.3 0) (layer F.Fab)
      (effects (font (size 1 1) (thickness 0.15)))
    )
    (fp_circle (center 0 0) (end 3.2 0) (layer Cmts.User) (width 0.15))
    (fp_circle (center 0 0) (end 3.45 0) (layer F.CrtYd) (width 0.05))
    (pad 1 np_thru_hole circle (at 0 0) (size 3.2 3.2) (drill 3.2) (layers *.Cu *.Mask)
      (net 32 "Net-(H5-Pad1)"))
  )

  (module Connector_PinHeader_2.54mm:PinHeader_2x07_P2.54mm_Vertical (layer F.Cu) (tedit 59FED5CC) (tstamp 5C29BF07)
    (at 149.098 94.996 270)
    (descr "Through hole straight pin header, 2x07, 2.54mm pitch, double rows")
    (tags "Through hole pin header THT 2x07 2.54mm double row")
    (path /5BF42E41)
    (fp_text reference J5 (at 1.27 -2.33 270) (layer F.SilkS)
      (effects (font (size 1 1) (thickness 0.15)))
    )
    (fp_text value BUS (at 1.27 17.57 270) (layer F.Fab)
      (effects (font (size 1 1) (thickness 0.15)))
    )
    (fp_line (start 0 -1.27) (end 3.81 -1.27) (layer F.Fab) (width 0.1))
    (fp_line (start 3.81 -1.27) (end 3.81 16.51) (layer F.Fab) (width 0.1))
    (fp_line (start 3.81 16.51) (end -1.27 16.51) (layer F.Fab) (width 0.1))
    (fp_line (start -1.27 16.51) (end -1.27 0) (layer F.Fab) (width 0.1))
    (fp_line (start -1.27 0) (end 0 -1.27) (layer F.Fab) (width 0.1))
    (fp_line (start -1.33 16.57) (end 3.87 16.57) (layer F.SilkS) (width 0.12))
    (fp_line (start -1.33 1.27) (end -1.33 16.57) (layer F.SilkS) (width 0.12))
    (fp_line (start 3.87 -1.33) (end 3.87 16.57) (layer F.SilkS) (width 0.12))
    (fp_line (start -1.33 1.27) (end 1.27 1.27) (layer F.SilkS) (width 0.12))
    (fp_line (start 1.27 1.27) (end 1.27 -1.33) (layer F.SilkS) (width 0.12))
    (fp_line (start 1.27 -1.33) (end 3.87 -1.33) (layer F.SilkS) (width 0.12))
    (fp_line (start -1.33 0) (end -1.33 -1.33) (layer F.SilkS) (width 0.12))
    (fp_line (start -1.33 -1.33) (end 0 -1.33) (layer F.SilkS) (width 0.12))
    (fp_line (start -1.8 -1.8) (end -1.8 17.05) (layer F.CrtYd) (width 0.05))
    (fp_line (start -1.8 17.05) (end 4.35 17.05) (layer F.CrtYd) (width 0.05))
    (fp_line (start 4.35 17.05) (end 4.35 -1.8) (layer F.CrtYd) (width 0.05))
    (fp_line (start 4.35 -1.8) (end -1.8 -1.8) (layer F.CrtYd) (width 0.05))
    (fp_text user %R (at 1.27 7.62) (layer F.Fab)
      (effects (font (size 1 1) (thickness 0.15)))
    )
    (pad 1 thru_hole rect (at 0 0 270) (size 1.7 1.7) (drill 1) (layers *.Cu *.Mask)
      (net 33 bus1))
    (pad 2 thru_hole oval (at 2.54 0 270) (size 1.7 1.7) (drill 1) (layers *.Cu *.Mask)
      (net 34 bus2))
    (pad 3 thru_hole oval (at 0 2.54 270) (size 1.7 1.7) (drill 1) (layers *.Cu *.Mask)
      (net 35 bus3))
    (pad 4 thru_hole oval (at 2.54 2.54 270) (size 1.7 1.7) (drill 1) (layers *.Cu *.Mask)
      (net 36 bus4))
    (pad 5 thru_hole oval (at 0 5.08 270) (size 1.7 1.7) (drill 1) (layers *.Cu *.Mask)
      (net 37 bus5))
    (pad 6 thru_hole oval (at 2.54 5.08 270) (size 1.7 1.7) (drill 1) (layers *.Cu *.Mask)
      (net 38 bus6))
    (pad 7 thru_hole oval (at 0 7.62 270) (size 1.7 1.7) (drill 1) (layers *.Cu *.Mask)
      (net 39 bus7))
    (pad 8 thru_hole oval (at 2.54 7.62 270) (size 1.7 1.7) (drill 1) (layers *.Cu *.Mask)
      (net 40 bus8))
    (pad 9 thru_hole oval (at 0 10.16 270) (size 1.7 1.7) (drill 1) (layers *.Cu *.Mask)
      (net 9 RX))
    (pad 10 thru_hole oval (at 2.54 10.16 270) (size 1.7 1.7) (drill 1) (layers *.Cu *.Mask)
      (net 10 TX))
    (pad 11 thru_hole oval (at 0 12.7 270) (size 1.7 1.7) (drill 1) (layers *.Cu *.Mask)
      (net 25 bus11))
    (pad 12 thru_hole oval (at 2.54 12.7 270) (size 1.7 1.7) (drill 1) (layers *.Cu *.Mask)
      (net 25 bus11))
    (pad 13 thru_hole oval (at 0 15.24 270) (size 1.7 1.7) (drill 1) (layers *.Cu *.Mask)
      (net 26 bus13))
    (pad 14 thru_hole oval (at 2.54 15.24 270) (size 1.7 1.7) (drill 1) (layers *.Cu *.Mask)
      (net 26 bus13))
    (model ${KISYS3DMOD}/Connector_PinHeader_2.54mm.3dshapes/PinHeader_2x07_P2.54mm_Vertical.wrl
      (at (xyz 0 0 0))
      (scale (xyz 1 1 1))
      (rotate (xyz 0 0 0))
    )
  )

  (module Resistor_SMD:R_0603_1608Metric (layer F.Cu) (tedit 5B301BBD) (tstamp 5C29BF18)
    (at 140.9725 106.87)
    (descr "Resistor SMD 0603 (1608 Metric), square (rectangular) end terminal, IPC_7351 nominal, (Body size source: http://www.tortai-tech.com/upload/download/2011102023233369053.pdf), generated with kicad-footprint-generator")
    (tags resistor)
    (path /5BC3C25D)
    (attr smd)
    (fp_text reference R1 (at 0.0275 1.51) (layer F.SilkS)
      (effects (font (size 1 1) (thickness 0.15)))
    )
    (fp_text value 10k (at 0 1.43) (layer F.Fab)
      (effects (font (size 1 1) (thickness 0.15)))
    )
    (fp_line (start -0.8 0.4) (end -0.8 -0.4) (layer F.Fab) (width 0.1))
    (fp_line (start -0.8 -0.4) (end 0.8 -0.4) (layer F.Fab) (width 0.1))
    (fp_line (start 0.8 -0.4) (end 0.8 0.4) (layer F.Fab) (width 0.1))
    (fp_line (start 0.8 0.4) (end -0.8 0.4) (layer F.Fab) (width 0.1))
    (fp_line (start -0.162779 -0.51) (end 0.162779 -0.51) (layer F.SilkS) (width 0.12))
    (fp_line (start -0.162779 0.51) (end 0.162779 0.51) (layer F.SilkS) (width 0.12))
    (fp_line (start -1.48 0.73) (end -1.48 -0.73) (layer F.CrtYd) (width 0.05))
    (fp_line (start -1.48 -0.73) (end 1.48 -0.73) (layer F.CrtYd) (width 0.05))
    (fp_line (start 1.48 -0.73) (end 1.48 0.73) (layer F.CrtYd) (width 0.05))
    (fp_line (start 1.48 0.73) (end -1.48 0.73) (layer F.CrtYd) (width 0.05))
    (fp_text user %R (at 0 0) (layer F.Fab)
      (effects (font (size 0.4 0.4) (thickness 0.06)))
    )
    (pad 1 smd roundrect (at -0.7875 0) (size 0.875 0.95) (layers F.Cu F.Paste F.Mask) (roundrect_rratio 0.25)
      (net 6 "Net-(D1-Pad2)"))
    (pad 2 smd roundrect (at 0.7875 0) (size 0.875 0.95) (layers F.Cu F.Paste F.Mask) (roundrect_rratio 0.25)
      (net 11 a2))
    (model ${KISYS3DMOD}/Resistor_SMD.3dshapes/R_0603_1608Metric.wrl
      (at (xyz 0 0 0))
      (scale (xyz 1 1 1))
      (rotate (xyz 0 0 0))
    )
  )

  (module Resistor_SMD:R_0603_1608Metric (layer F.Cu) (tedit 5B301BBD) (tstamp 5C29BF29)
    (at 133.1175 106.83 180)
    (descr "Resistor SMD 0603 (1608 Metric), square (rectangular) end terminal, IPC_7351 nominal, (Body size source: http://www.tortai-tech.com/upload/download/2011102023233369053.pdf), generated with kicad-footprint-generator")
    (tags resistor)
    (path /5BC5951C)
    (attr smd)
    (fp_text reference R2 (at 0 -1.43 180) (layer F.SilkS)
      (effects (font (size 1 1) (thickness 0.15)))
    )
    (fp_text value 10k (at 0 1.43 180) (layer F.Fab)
      (effects (font (size 1 1) (thickness 0.15)))
    )
    (fp_line (start -0.8 0.4) (end -0.8 -0.4) (layer F.Fab) (width 0.1))
    (fp_line (start -0.8 -0.4) (end 0.8 -0.4) (layer F.Fab) (width 0.1))
    (fp_line (start 0.8 -0.4) (end 0.8 0.4) (layer F.Fab) (width 0.1))
    (fp_line (start 0.8 0.4) (end -0.8 0.4) (layer F.Fab) (width 0.1))
    (fp_line (start -0.162779 -0.51) (end 0.162779 -0.51) (layer F.SilkS) (width 0.12))
    (fp_line (start -0.162779 0.51) (end 0.162779 0.51) (layer F.SilkS) (width 0.12))
    (fp_line (start -1.48 0.73) (end -1.48 -0.73) (layer F.CrtYd) (width 0.05))
    (fp_line (start -1.48 -0.73) (end 1.48 -0.73) (layer F.CrtYd) (width 0.05))
    (fp_line (start 1.48 -0.73) (end 1.48 0.73) (layer F.CrtYd) (width 0.05))
    (fp_line (start 1.48 0.73) (end -1.48 0.73) (layer F.CrtYd) (width 0.05))
    (fp_text user %R (at 0 0 180) (layer F.Fab)
      (effects (font (size 0.4 0.4) (thickness 0.06)))
    )
    (pad 1 smd roundrect (at -0.7875 0 180) (size 0.875 0.95) (layers F.Cu F.Paste F.Mask) (roundrect_rratio 0.25)
      (net 25 bus11))
    (pad 2 smd roundrect (at 0.7875 0 180) (size 0.875 0.95) (layers F.Cu F.Paste F.Mask) (roundrect_rratio 0.25)
      (net 4 RESET))
    (model ${KISYS3DMOD}/Resistor_SMD.3dshapes/R_0603_1608Metric.wrl
      (at (xyz 0 0 0))
      (scale (xyz 1 1 1))
      (rotate (xyz 0 0 0))
    )
  )

  (module Resistor_SMD:R_0603_1608Metric (layer F.Cu) (tedit 5B301BBD) (tstamp 5C29BF4B)
    (at 146.2425 113.408)
    (descr "Resistor SMD 0603 (1608 Metric), square (rectangular) end terminal, IPC_7351 nominal, (Body size source: http://www.tortai-tech.com/upload/download/2011102023233369053.pdf), generated with kicad-footprint-generator")
    (tags resistor)
    (path /5BC82F25)
    (attr smd)
    (fp_text reference R4 (at 2.4975 0.08) (layer F.SilkS)
      (effects (font (size 1 1) (thickness 0.15)))
    )
    (fp_text value 10k (at 0 1.43) (layer F.Fab)
      (effects (font (size 1 1) (thickness 0.15)))
    )
    (fp_text user %R (at 0 0) (layer F.Fab)
      (effects (font (size 0.4 0.4) (thickness 0.06)))
    )
    (fp_line (start 1.48 0.73) (end -1.48 0.73) (layer F.CrtYd) (width 0.05))
    (fp_line (start 1.48 -0.73) (end 1.48 0.73) (layer F.CrtYd) (width 0.05))
    (fp_line (start -1.48 -0.73) (end 1.48 -0.73) (layer F.CrtYd) (width 0.05))
    (fp_line (start -1.48 0.73) (end -1.48 -0.73) (layer F.CrtYd) (width 0.05))
    (fp_line (start -0.162779 0.51) (end 0.162779 0.51) (layer F.SilkS) (width 0.12))
    (fp_line (start -0.162779 -0.51) (end 0.162779 -0.51) (layer F.SilkS) (width 0.12))
    (fp_line (start 0.8 0.4) (end -0.8 0.4) (layer F.Fab) (width 0.1))
    (fp_line (start 0.8 -0.4) (end 0.8 0.4) (layer F.Fab) (width 0.1))
    (fp_line (start -0.8 -0.4) (end 0.8 -0.4) (layer F.Fab) (width 0.1))
    (fp_line (start -0.8 0.4) (end -0.8 -0.4) (layer F.Fab) (width 0.1))
    (pad 2 smd roundrect (at 0.7875 0) (size 0.875 0.95) (layers F.Cu F.Paste F.Mask) (roundrect_rratio 0.25)
      (net 25 bus11))
    (pad 1 smd roundrect (at -0.7875 0) (size 0.875 0.95) (layers F.Cu F.Paste F.Mask) (roundrect_rratio 0.25)
      (net 13 d10))
    (model ${KISYS3DMOD}/Resistor_SMD.3dshapes/R_0603_1608Metric.wrl
      (at (xyz 0 0 0))
      (scale (xyz 1 1 1))
      (rotate (xyz 0 0 0))
    )
  )

  (module Button_Switch_SMD:SW_SPST_TL3305C (layer F.Cu) (tedit 5ABC3ACB) (tstamp 5C29BF9B)
    (at 145.796 104.394 90)
    (descr https://www.e-switch.com/system/asset/product_line/data_sheet/213/TL3305.pdf)
    (tags "TL3305 Series Tact Switch")
    (path /5C23F6E5)
    (attr smd)
    (fp_text reference SW2 (at -0.062 -0.074 180) (layer F.SilkS)
      (effects (font (size 1 1) (thickness 0.15)))
    )
    (fp_text value active (at 0 3.2 90) (layer F.Fab)
      (effects (font (size 1 1) (thickness 0.15)))
    )
    (fp_line (start -4.65 -2.5) (end 4.65 -2.5) (layer F.CrtYd) (width 0.05))
    (fp_line (start -4.65 2.5) (end -4.65 -2.5) (layer F.CrtYd) (width 0.05))
    (fp_line (start 4.65 2.5) (end -4.65 2.5) (layer F.CrtYd) (width 0.05))
    (fp_line (start 4.65 -2.5) (end 4.65 2.5) (layer F.CrtYd) (width 0.05))
    (fp_line (start -2.37 1.03) (end -2.37 -1.03) (layer F.SilkS) (width 0.12))
    (fp_line (start 2.37 1.03) (end 2.37 -1.03) (layer F.SilkS) (width 0.12))
    (fp_line (start 2.37 2.37) (end 2.37 1.97) (layer F.SilkS) (width 0.12))
    (fp_line (start -2.37 2.37) (end 2.37 2.37) (layer F.SilkS) (width 0.12))
    (fp_line (start -2.37 2.37) (end -2.37 1.97) (layer F.SilkS) (width 0.12))
    (fp_line (start 2.37 -2.37) (end 2.37 -1.97) (layer F.SilkS) (width 0.12))
    (fp_line (start -2.37 -2.37) (end -2.37 -1.97) (layer F.SilkS) (width 0.12))
    (fp_line (start -2.37 -2.37) (end 2.37 -2.37) (layer F.SilkS) (width 0.12))
    (fp_text user %R (at 0 0 90) (layer F.Fab)
      (effects (font (size 0.5 0.5) (thickness 0.075)))
    )
    (fp_line (start -2.25 -2.25) (end 2.25 -2.25) (layer F.Fab) (width 0.1))
    (fp_line (start 2.25 -2.25) (end 2.25 2.25) (layer F.Fab) (width 0.1))
    (fp_line (start 2.25 2.25) (end -2.25 2.25) (layer F.Fab) (width 0.1))
    (fp_line (start -2.25 2.25) (end -2.25 -2.25) (layer F.Fab) (width 0.1))
    (fp_circle (center 0 0) (end 1.25 0) (layer F.Fab) (width 0.1))
    (fp_line (start 2.25 -1.15) (end 3.75 -1.15) (layer F.Fab) (width 0.1))
    (fp_line (start 3.75 -1.15) (end 3.75 -1.85) (layer F.Fab) (width 0.1))
    (fp_line (start 3.75 -1.85) (end 2.25 -1.85) (layer F.Fab) (width 0.1))
    (fp_line (start 2.25 1.15) (end 3.75 1.15) (layer F.Fab) (width 0.1))
    (fp_line (start 3.75 1.15) (end 3.75 1.85) (layer F.Fab) (width 0.1))
    (fp_line (start 3.75 1.85) (end 2.25 1.85) (layer F.Fab) (width 0.1))
    (fp_line (start -2.25 -1.85) (end -3.75 -1.85) (layer F.Fab) (width 0.1))
    (fp_line (start -3.75 -1.85) (end -3.75 -1.15) (layer F.Fab) (width 0.1))
    (fp_line (start -3.75 -1.15) (end -2.25 -1.15) (layer F.Fab) (width 0.1))
    (fp_line (start -2.25 1.15) (end -3.75 1.15) (layer F.Fab) (width 0.1))
    (fp_line (start -3.75 1.15) (end -3.75 1.85) (layer F.Fab) (width 0.1))
    (fp_line (start -3.75 1.85) (end -2.25 1.85) (layer F.Fab) (width 0.1))
    (fp_line (start 3 -1.85) (end 3 -1.15) (layer F.Fab) (width 0.1))
    (fp_line (start 3 1.15) (end 3 1.85) (layer F.Fab) (width 0.1))
    (fp_line (start -3 -1.85) (end -3 -1.15) (layer F.Fab) (width 0.1))
    (fp_line (start -3 1.15) (end -3 1.85) (layer F.Fab) (width 0.1))
    (pad 2 smd rect (at -3.6 1.5 90) (size 1.6 1.4) (layers F.Cu F.Paste F.Mask)
      (net 26 bus13))
    (pad 2 smd rect (at 3.6 1.5 90) (size 1.6 1.4) (layers F.Cu F.Paste F.Mask)
      (net 26 bus13))
    (pad 1 smd rect (at -3.6 -1.5 90) (size 1.6 1.4) (layers F.Cu F.Paste F.Mask)
      (net 15 a3))
    (pad 1 smd rect (at 3.6 -1.5 90) (size 1.6 1.4) (layers F.Cu F.Paste F.Mask)
      (net 15 a3))
    (model ${KISYS3DMOD}/Button_Switch_SMD.3dshapes/SW_SPST_TL3305C.wrl
      (at (xyz 0 0 0))
      (scale (xyz 1 1 1))
      (rotate (xyz 0 0 0))
    )
  )

  (module Button_Switch_SMD:SW_SPST_TL3305C (layer F.Cu) (tedit 5ABC3ACB) (tstamp 5C29BFC5)
    (at 130.092 103.354 180)
    (descr https://www.e-switch.com/system/asset/product_line/data_sheet/213/TL3305.pdf)
    (tags "TL3305 Series Tact Switch")
    (path /5C235DAD)
    (attr smd)
    (fp_text reference SW3 (at 0.066 -0.13 270) (layer F.SilkS)
      (effects (font (size 1 1) (thickness 0.15)))
    )
    (fp_text value reset (at 0 3.2 180) (layer F.Fab)
      (effects (font (size 1 1) (thickness 0.15)))
    )
    (fp_line (start -3 1.15) (end -3 1.85) (layer F.Fab) (width 0.1))
    (fp_line (start -3 -1.85) (end -3 -1.15) (layer F.Fab) (width 0.1))
    (fp_line (start 3 1.15) (end 3 1.85) (layer F.Fab) (width 0.1))
    (fp_line (start 3 -1.85) (end 3 -1.15) (layer F.Fab) (width 0.1))
    (fp_line (start -3.75 1.85) (end -2.25 1.85) (layer F.Fab) (width 0.1))
    (fp_line (start -3.75 1.15) (end -3.75 1.85) (layer F.Fab) (width 0.1))
    (fp_line (start -2.25 1.15) (end -3.75 1.15) (layer F.Fab) (width 0.1))
    (fp_line (start -3.75 -1.15) (end -2.25 -1.15) (layer F.Fab) (width 0.1))
    (fp_line (start -3.75 -1.85) (end -3.75 -1.15) (layer F.Fab) (width 0.1))
    (fp_line (start -2.25 -1.85) (end -3.75 -1.85) (layer F.Fab) (width 0.1))
    (fp_line (start 3.75 1.85) (end 2.25 1.85) (layer F.Fab) (width 0.1))
    (fp_line (start 3.75 1.15) (end 3.75 1.85) (layer F.Fab) (width 0.1))
    (fp_line (start 2.25 1.15) (end 3.75 1.15) (layer F.Fab) (width 0.1))
    (fp_line (start 3.75 -1.85) (end 2.25 -1.85) (layer F.Fab) (width 0.1))
    (fp_line (start 3.75 -1.15) (end 3.75 -1.85) (layer F.Fab) (width 0.1))
    (fp_line (start 2.25 -1.15) (end 3.75 -1.15) (layer F.Fab) (width 0.1))
    (fp_circle (center 0 0) (end 1.25 0) (layer F.Fab) (width 0.1))
    (fp_line (start -2.25 2.25) (end -2.25 -2.25) (layer F.Fab) (width 0.1))
    (fp_line (start 2.25 2.25) (end -2.25 2.25) (layer F.Fab) (width 0.1))
    (fp_line (start 2.25 -2.25) (end 2.25 2.25) (layer F.Fab) (width 0.1))
    (fp_line (start -2.25 -2.25) (end 2.25 -2.25) (layer F.Fab) (width 0.1))
    (fp_text user %R (at 0 0 180) (layer F.Fab)
      (effects (font (size 0.5 0.5) (thickness 0.075)))
    )
    (fp_line (start -2.37 -2.37) (end 2.37 -2.37) (layer F.SilkS) (width 0.12))
    (fp_line (start -2.37 -2.37) (end -2.37 -1.97) (layer F.SilkS) (width 0.12))
    (fp_line (start 2.37 -2.37) (end 2.37 -1.97) (layer F.SilkS) (width 0.12))
    (fp_line (start -2.37 2.37) (end -2.37 1.97) (layer F.SilkS) (width 0.12))
    (fp_line (start -2.37 2.37) (end 2.37 2.37) (layer F.SilkS) (width 0.12))
    (fp_line (start 2.37 2.37) (end 2.37 1.97) (layer F.SilkS) (width 0.12))
    (fp_line (start 2.37 1.03) (end 2.37 -1.03) (layer F.SilkS) (width 0.12))
    (fp_line (start -2.37 1.03) (end -2.37 -1.03) (layer F.SilkS) (width 0.12))
    (fp_line (start 4.65 -2.5) (end 4.65 2.5) (layer F.CrtYd) (width 0.05))
    (fp_line (start 4.65 2.5) (end -4.65 2.5) (layer F.CrtYd) (width 0.05))
    (fp_line (start -4.65 2.5) (end -4.65 -2.5) (layer F.CrtYd) (width 0.05))
    (fp_line (start -4.65 -2.5) (end 4.65 -2.5) (layer F.CrtYd) (width 0.05))
    (pad 1 smd rect (at 3.6 -1.5 180) (size 1.6 1.4) (layers F.Cu F.Paste F.Mask)
      (net 26 bus13))
    (pad 1 smd rect (at -3.6 -1.5 180) (size 1.6 1.4) (layers F.Cu F.Paste F.Mask)
      (net 26 bus13))
    (pad 2 smd rect (at 3.6 1.5 180) (size 1.6 1.4) (layers F.Cu F.Paste F.Mask)
      (net 4 RESET))
    (pad 2 smd rect (at -3.6 1.5 180) (size 1.6 1.4) (layers F.Cu F.Paste F.Mask)
      (net 4 RESET))
    (model ${KISYS3DMOD}/Button_Switch_SMD.3dshapes/SW_SPST_TL3305C.wrl
      (at (xyz 0 0 0))
      (scale (xyz 1 1 1))
      (rotate (xyz 0 0 0))
    )
  )

  (module Package_DIP:DIP-16_W7.62mm_SMDSocket_SmallPads (layer F.Cu) (tedit 5A02E8C5) (tstamp 5C29BFF1)
    (at 136.398 141.732 270)
    (descr "16-lead though-hole mounted DIP package, row spacing 7.62 mm (300 mils), SMDSocket, SmallPads")
    (tags "THT DIP DIL PDIP 2.54mm 7.62mm 300mil SMDSocket SmallPads")
    (path /5BF2DF8A)
    (attr smd)
    (fp_text reference SW4 (at 0.762 4.572) (layer F.SilkS)
      (effects (font (size 1 1) (thickness 0.15)))
    )
    (fp_text value NEXT (at 0 11.22 270) (layer F.Fab)
      (effects (font (size 1 1) (thickness 0.15)))
    )
    (fp_text user %R (at -0.508 -0.508 90) (layer F.Fab)
      (effects (font (size 1 1) (thickness 0.15)))
    )
    (fp_line (start 5.35 -10.5) (end -5.35 -10.5) (layer F.CrtYd) (width 0.05))
    (fp_line (start 5.35 10.5) (end 5.35 -10.5) (layer F.CrtYd) (width 0.05))
    (fp_line (start -5.35 10.5) (end 5.35 10.5) (layer F.CrtYd) (width 0.05))
    (fp_line (start -5.35 -10.5) (end -5.35 10.5) (layer F.CrtYd) (width 0.05))
    (fp_line (start 5.14 -10.28) (end -5.14 -10.28) (layer F.SilkS) (width 0.12))
    (fp_line (start 5.14 10.28) (end 5.14 -10.28) (layer F.SilkS) (width 0.12))
    (fp_line (start -5.14 10.28) (end 5.14 10.28) (layer F.SilkS) (width 0.12))
    (fp_line (start -5.14 -10.28) (end -5.14 10.28) (layer F.SilkS) (width 0.12))
    (fp_line (start 2.65 -10.22) (end 1 -10.22) (layer F.SilkS) (width 0.12))
    (fp_line (start 2.65 10.22) (end 2.65 -10.22) (layer F.SilkS) (width 0.12))
    (fp_line (start -2.65 10.22) (end 2.65 10.22) (layer F.SilkS) (width 0.12))
    (fp_line (start -2.65 -10.22) (end -2.65 10.22) (layer F.SilkS) (width 0.12))
    (fp_line (start -1 -10.22) (end -2.65 -10.22) (layer F.SilkS) (width 0.12))
    (fp_line (start 5.08 -10.22) (end -5.08 -10.22) (layer F.Fab) (width 0.1))
    (fp_line (start 5.08 10.22) (end 5.08 -10.22) (layer F.Fab) (width 0.1))
    (fp_line (start -5.08 10.22) (end 5.08 10.22) (layer F.Fab) (width 0.1))
    (fp_line (start -5.08 -10.22) (end -5.08 10.22) (layer F.Fab) (width 0.1))
    (fp_line (start -3.175 -9.16) (end -2.175 -10.16) (layer F.Fab) (width 0.1))
    (fp_line (start -3.175 10.16) (end -3.175 -9.16) (layer F.Fab) (width 0.1))
    (fp_line (start 3.175 10.16) (end -3.175 10.16) (layer F.Fab) (width 0.1))
    (fp_line (start 3.175 -10.16) (end 3.175 10.16) (layer F.Fab) (width 0.1))
    (fp_line (start -2.175 -10.16) (end 3.175 -10.16) (layer F.Fab) (width 0.1))
    (fp_arc (start 0 -10.22) (end -1 -10.22) (angle -180) (layer F.SilkS) (width 0.12))
    (pad 16 smd rect (at 3.81 -8.89 270) (size 1.6 1.6) (layers F.Cu F.Paste F.Mask)
      (net 8 a1))
    (pad 8 smd rect (at -3.81 8.89 270) (size 1.6 1.6) (layers F.Cu F.Paste F.Mask)
      (net 40 bus8))
    (pad 15 smd rect (at 3.81 -6.35 270) (size 1.6 1.6) (layers F.Cu F.Paste F.Mask)
      (net 8 a1))
    (pad 7 smd rect (at -3.81 6.35 270) (size 1.6 1.6) (layers F.Cu F.Paste F.Mask)
      (net 39 bus7))
    (pad 14 smd rect (at 3.81 -3.81 270) (size 1.6 1.6) (layers F.Cu F.Paste F.Mask)
      (net 8 a1))
    (pad 6 smd rect (at -3.81 3.81 270) (size 1.6 1.6) (layers F.Cu F.Paste F.Mask)
      (net 38 bus6))
    (pad 13 smd rect (at 3.81 -1.27 270) (size 1.6 1.6) (layers F.Cu F.Paste F.Mask)
      (net 8 a1))
    (pad 5 smd rect (at -3.81 1.27 270) (size 1.6 1.6) (layers F.Cu F.Paste F.Mask)
      (net 37 bus5))
    (pad 12 smd rect (at 3.81 1.27 270) (size 1.6 1.6) (layers F.Cu F.Paste F.Mask)
      (net 8 a1))
    (pad 4 smd rect (at -3.81 -1.27 270) (size 1.6 1.6) (layers F.Cu F.Paste F.Mask)
      (net 36 bus4))
    (pad 11 smd rect (at 3.81 3.81 270) (size 1.6 1.6) (layers F.Cu F.Paste F.Mask)
      (net 8 a1))
    (pad 3 smd rect (at -3.81 -3.81 270) (size 1.6 1.6) (layers F.Cu F.Paste F.Mask)
      (net 35 bus3))
    (pad 10 smd rect (at 3.81 6.35 270) (size 1.6 1.6) (layers F.Cu F.Paste F.Mask)
      (net 8 a1))
    (pad 2 smd rect (at -3.81 -6.35 270) (size 1.6 1.6) (layers F.Cu F.Paste F.Mask)
      (net 34 bus2))
    (pad 9 smd rect (at 3.81 8.89 270) (size 1.6 1.6) (layers F.Cu F.Paste F.Mask)
      (net 8 a1))
    (pad 1 smd rect (at -3.81 -8.89 270) (size 1.6 1.6) (layers F.Cu F.Paste F.Mask)
      (net 33 bus1))
    (model ${KISYS3DMOD}/Package_DIP.3dshapes/DIP-16_W7.62mm_SMDSocket.wrl
      (at (xyz 0 0 0))
      (scale (xyz 1 1 1))
      (rotate (xyz 0 0 0))
    )
  )

  (module Package_DIP:DIP-16_W7.62mm_SMDSocket_SmallPads (layer F.Cu) (tedit 5A02E8C5) (tstamp 5C29C01D)
    (at 136.398 130.302 270)
    (descr "16-lead though-hole mounted DIP package, row spacing 7.62 mm (300 mils), SMDSocket, SmallPads")
    (tags "THT DIP DIL PDIP 2.54mm 7.62mm 300mil SMDSocket SmallPads")
    (path /5C0B920E)
    (attr smd)
    (fp_text reference SW5 (at 0 4.318) (layer F.SilkS)
      (effects (font (size 1 1) (thickness 0.15)))
    )
    (fp_text value ACTIVE (at 0 11.22 270) (layer F.Fab)
      (effects (font (size 1 1) (thickness 0.15)))
    )
    (fp_arc (start 0 -10.22) (end -1 -10.22) (angle -180) (layer F.SilkS) (width 0.12))
    (fp_line (start -2.175 -10.16) (end 3.175 -10.16) (layer F.Fab) (width 0.1))
